
0.000000 1.250000e+02 6.250000e+01
126.000000 1.750000e+02 1.505000e+02
176.000000 2.250000e+02 2.005000e+02
226.000000 2.750000e+02 2.505000e+02
276.000000 3.250000e+02 3.005000e+02
326.000000 3.750000e+02 3.505000e+02
376.000000 4.250000e+02 4.005000e+02
426.000000 4.750000e+02 4.505000e+02
476.000000 5.250000e+02 5.005000e+02
526.000000 5.750000e+02 5.505000e+02
576.000000 6.250000e+02 6.005000e+02
626.000000 6.750000e+02 6.505000e+02
676.000000 7.250000e+02 7.005000e+02
726.000000 7.750000e+02 7.505000e+02
776.000000 8.250000e+02 8.005000e+02
826.000000 8.750000e+02 8.505000e+02
876.000000 9.250000e+02 9.005000e+02
926.000000 9.750000e+02 9.505000e+02
976.000000 1.025000e+03 1.000500e+03
1026.000000 1.075000e+03 1.050500e+03
1076.000000 1.125000e+03 1.100500e+03
1126.000000 1.175000e+03 1.150500e+03
1176.000000 1.225000e+03 1.200500e+03
1226.000000 1.275000e+03 1.250500e+03
1276.000000 1.325000e+03 1.300500e+03
1326.000000 1.375000e+03 1.350500e+03
1376.000000 1.425000e+03 1.400500e+03
1426.000000 1.475000e+03 1.450500e+03
1476.000000 1.525000e+03 1.500500e+03
1526.000000 1.575000e+03 1.550500e+03
1576.000000 1.625000e+03 1.600500e+03
1626.000000 1.675000e+03 1.650500e+03
1676.000000 1.725000e+03 1.700500e+03
1726.000000 1.775000e+03 1.750500e+03
1776.000000 1.825000e+03 1.800500e+03
1826.000000 1.875000e+03 1.850500e+03
1876.000000 1.925000e+03 1.900500e+03
1926.000000 1.975000e+03 1.950500e+03
1976.000000 2.025000e+03 2.000500e+03
2026.000000 2.125000e+03 2.075500e+03
2126.000000 2.225000e+03 2.175500e+03
2226.000000 2.325000e+03 2.275500e+03
2326.000000 2.425000e+03 2.375500e+03
2426.000000 2.525000e+03 2.475500e+03
2526.000000 2.725000e+03 2.625500e+03
2726.000000 2.925000e+03 2.825500e+03
2926.000000 3.125000e+03 3.025500e+03
3126.000000 3.525000e+03 3.325500e+03
3526.000000 3.925000e+03 3.725500e+03
3926.000000 4.325000e+03 4.125500e+03
4326.000000 4.725000e+03 4.525500e+03
4726.000000 5.125000e+03 4.925500e+03
5126.000000 5.525000e+03 5.325500e+03
5526.000000 5.925000e+03 5.725500e+03
5926.000000 6.325000e+03 6.125500e+03
6326.000000 7.125000e+03 6.725500e+03
7126.000000 7.925000e+03 7.525500e+03
7926.000000 8.725000e+03 8.325500e+03
8726.000000 9.525000e+03 9.125500e+03
9526.000000 1.032500e+04 9.925500e+03
10326.000000 1.112500e+04 1.072550e+04
11126.000000 1.192500e+04 1.152550e+04
11926.000000 1.272500e+04 1.232550e+04
12726.000000 1.352500e+04 1.312550e+04
13526.000000 1.432500e+04 1.392550e+04
14326.000000 1.512500e+04 1.472550e+04
15126.000000 1.592500e+04 1.552550e+04
15926.000000 1.672500e+04 1.632550e+04
16726.000000 1.752500e+04 1.712550e+04
17526.000000 1.832500e+04 1.792550e+04
18326.000000 1.912500e+04 1.872550e+04
19126.000000 1.992500e+04 1.952550e+04
19926.000000 2.072500e+04 2.032550e+04
20726.000000 2.152500e+04 2.112550e+04
21526.000000 2.232500e+04 2.192550e+04
22326.000000 2.312500e+04 2.272550e+04
23126.000000 2.392500e+04 2.352550e+04
23926.000000 2.472500e+04 2.432550e+04
24726.000000 2.552500e+04 2.512550e+04
25526.000000 2.632500e+04 2.592550e+04
26326.000000 2.712500e+04 2.672550e+04
27126.000000 2.792500e+04 2.752550e+04
27926.000000 2.872500e+04 2.832550e+04
28726.000000 2.952500e+04 2.912550e+04
29526.000000 3.032500e+04 2.992550e+04
30326.000000 3.112500e+04 3.072550e+04
31126.000000 3.192500e+04 3.152550e+04
31926.000000 3.272500e+04 3.232550e+04
32726.000000 3.352500e+04 3.312550e+04
33526.000000 3.432500e+04 3.392550e+04
34326.000000 3.512500e+04 3.472550e+04
35126.000000 3.592500e+04 3.552550e+04
35926.000000 3.672500e+04 3.632550e+04
36726.000000 3.752500e+04 3.712550e+04
37526.000000 3.832500e+04 3.792550e+04
38326.000000 3.912500e+04 3.872550e+04
39126.000000 3.992500e+04 3.952550e+04
39926.000000 4.072500e+04 4.032550e+04
40726.000000 4.152500e+04 4.112550e+04
41526.000000 4.232500e+04 4.192550e+04
